SubjID	MCQ1	MCQ2	MCQ3	MCQ4	MCQ5	MCQ6	MCQ7	MCQ8	MCQ9	MCQ10	MCQ11	MCQ12	MCQ13	MCQ14	MCQ15	MCQ16	MCQ17	MCQ18	MCQ19	MCQ20	MCQ21	MCQ22	MCQ23	MCQ24	MCQ25	MCQ26	MCQ27
AllImmed	1	1	1	1	1	1	1	1	1	1	1	1	1	1	1	1	1	1	1	1	1	1	1	1	1	1	1
AllDelay	2	2	2	2	2	2	2	2	2	2	2	2	2	2	2	2	2	2	2	2	2	2	2	2	2	2	2
InconsResp	1	2	1	2	1	2	1	2	1	2	1	2	1	2	1	2	1	2	1	2	1	2	1	2	1	2	1
TypicResp	1	1	1	2	1	1	1	2	1	1	2	1	1	1	1	1	1	1	2	1	1	1	2	1	2	1	2
COM1	1	1	1	1	1	1	1	1	1	1	1	1	1	1	1	1	1	1	1	1	1	1	1	1	1	1	1
COM2	1	1	1	2	1	1	1	1	1	1	2	1	1	1	1	1	1	1	1	1	1	1	1	1	1	1	2
COM3	1	1	1	1	1	1	2	2	1	1	1	1	1	1	1	1	1	1	2	1	1	1	1	1	1	1	1
COM4	1	1	1	1	2	1	1	1	1	1	1	1	1	2	1	1	1	1	1	1	1	1	2	1	1	1	1
COM5	1	1	1	1	1	1	1	1	1	1	1	1	1	1	1	1	1	2	1	1	2	1	1	1	2	1	1
COM6	1	2	2	1	1	1	1	1	1	2	1	1	1	1	1	1	1	1	1	1	1	1	1	1	1	1	1
COM7	1	1	1	1	1	1	1	1	1	1	1	1	1	1	2	2	1	1	1	1	1	2	1	1	1	1	1
COM8	1	1	1	1	1	1	1	1	1	1	1	2	1	1	1	1	1	1	1	1	1	1	1	2	1	2	1
COM9	1	1	1	1	1	2	1	1	1	1	1	1	1	1	1	1	2	1	1	2	1	1	1	1	1	1	1
COM10	2	1	1	1	1	1	1	1	2	1	1	1	2	1	1	1	1	1	1	1	1	1	1	1	1	1	1
COM11	1	1	1	2	1	1	2	2	1	1	2	1	1	1	1	1	1	1	2	1	1	1	1	1	1	1	2
COM12	1	1	1	2	2	1	1	1	1	1	2	1	1	2	1	1	1	1	1	1	1	1	2	1	1	1	2
COM13	1	1	1	1	2	1	2	2	1	1	1	1	1	2	1	1	1	1	2	1	1	1	2	1	1	1	1
COM14	1	1	1	2	1	1	1	1	1	1	2	1	1	1	1	1	1	2	1	1	2	1	1	1	2	1	2
COM15	1	1	1	1	1	1	2	2	1	1	1	1	1	1	1	1	1	2	2	1	2	1	1	1	2	1	1
COM16	1	1	1	1	2	1	1	1	1	1	1	1	1	2	1	1	1	2	1	1	2	1	2	1	2	1	1
COM17	1	2	2	2	1	1	1	1	1	2	2	1	1	1	1	1	1	1	1	1	1	1	1	1	1	1	2
COM18	1	2	2	1	1	1	2	2	1	2	1	1	1	1	1	1	1	1	2	1	1	1	1	1	1	1	1
COM19	1	2	2	1	2	1	1	1	1	2	1	1	1	2	1	1	1	1	1	1	1	1	2	1	1	1	1
COM20	1	2	2	1	1	1	1	1	1	2	1	1	1	1	1	1	1	2	1	1	2	1	1	1	2	1	1
COM21	1	1	1	2	1	1	1	1	1	1	2	1	1	1	2	2	1	1	1	1	1	2	1	1	1	1	2
COM22	1	1	1	1	1	1	2	2	1	1	1	1	1	1	2	2	1	1	2	1	1	2	1	1	1	1	1
COM23	1	1	1	1	2	1	1	1	1	1	1	1	1	2	2	2	1	1	1	1	1	2	2	1	1	1	1
COM24	1	1	1	1	1	1	1	1	1	1	1	1	1	1	2	2	1	2	1	1	2	2	1	1	2	1	1
COM25	1	2	2	1	1	1	1	1	1	2	1	1	1	1	2	2	1	1	1	1	1	2	1	1	1	1	1
COM26	1	1	1	2	1	1	1	1	1	1	2	2	1	1	1	1	1	1	1	1	1	1	1	2	1	2	2
COM27	1	1	1	1	1	1	2	2	1	1	1	2	1	1	1	1	1	1	2	1	1	1	1	2	1	2	1
COM28	1	1	1	1	2	1	1	1	1	1	1	2	1	2	1	1	1	1	1	1	1	1	2	2	1	2	1
COM29	1	1	1	1	1	1	1	1	1	1	1	2	1	1	1	1	1	2	1	1	2	1	1	2	2	2	1
COM30	1	2	2	1	1	1	1	1	1	2	1	2	1	1	1	1	1	1	1	1	1	1	1	2	1	2	1
COM31	1	1	1	1	1	1	1	1	1	1	1	2	1	1	2	2	1	1	1	1	1	2	1	2	1	2	1
COM32	1	1	1	2	1	2	1	1	1	1	2	1	1	1	1	1	2	1	1	2	1	1	1	1	1	1	2
COM33	1	1	1	1	1	2	2	2	1	1	1	1	1	1	1	1	2	1	2	2	1	1	1	1	1	1	1
COM34	1	1	1	1	2	2	1	1	1	1	1	1	1	2	1	1	2	1	1	2	1	1	2	1	1	1	1
COM35	1	1	1	1	1	2	1	1	1	1	1	1	1	1	1	1	2	2	1	2	2	1	1	1	2	1	1
COM36	1	2	2	1	1	2	1	1	1	2	1	1	1	1	1	1	2	1	1	2	1	1	1	1	1	1	1
COM37	1	1	1	1	1	2	1	1	1	1	1	1	1	1	2	2	2	1	1	2	1	2	1	1	1	1	1
COM38	1	1	1	1	1	2	1	1	1	1	1	2	1	1	1	1	2	1	1	2	1	1	1	2	1	2	1
COM39	2	1	1	2	1	1	1	1	2	1	2	1	2	1	1	1	1	1	1	1	1	1	1	1	1	1	2
COM40	2	1	1	1	1	1	2	2	2	1	1	1	2	1	1	1	1	1	2	1	1	1	1	1	1	1	1
COM41	2	1	1	1	2	1	1	1	2	1	1	1	2	2	1	1	1	1	1	1	1	1	2	1	1	1	1
COM42	2	1	1	1	1	1	1	1	2	1	1	1	2	1	1	1	1	2	1	1	2	1	1	1	2	1	1
COM43	2	2	2	1	1	1	1	1	2	2	1	1	2	1	1	1	1	1	1	1	1	1	1	1	1	1	1
COM44	2	1	1	1	1	1	1	1	2	1	1	1	2	1	2	2	1	1	1	1	1	2	1	1	1	1	1
COM45	2	1	1	1	1	1	1	1	2	1	1	2	2	1	1	1	1	1	1	1	1	1	1	2	1	2	1
COM46	2	1	1	1	1	2	1	1	2	1	1	1	2	1	1	1	2	1	1	2	1	1	1	1	1	1	1
COM47	1	1	1	2	2	1	2	2	1	1	2	1	1	2	1	1	1	1	2	1	1	1	2	1	1	1	2
COM48	1	1	1	2	1	1	2	2	1	1	2	1	1	1	1	1	1	2	2	1	2	1	1	1	2	1	2
COM49	1	1	1	2	2	1	1	1	1	1	2	1	1	2	1	1	1	2	1	1	2	1	2	1	2	1	2
COM50	1	1	1	1	2	1	2	2	1	1	1	1	1	2	1	1	1	2	2	1	2	1	2	1	2	1	1
COM51	1	2	2	2	1	1	2	2	1	2	2	1	1	1	1	1	1	1	2	1	1	1	1	1	1	1	2
COM52	1	2	2	2	2	1	1	1	1	2	2	1	1	2	1	1	1	1	1	1	1	1	2	1	1	1	2
COM53	1	2	2	1	2	1	2	2	1	2	1	1	1	2	1	1	1	1	2	1	1	1	2	1	1	1	1
COM54	1	2	2	2	1	1	1	1	1	2	2	1	1	1	1	1	1	2	1	1	2	1	1	1	2	1	2
COM55	1	2	2	1	1	1	2	2	1	2	1	1	1	1	1	1	1	2	2	1	2	1	1	1	2	1	1
COM56	1	2	2	1	2	1	1	1	1	2	1	1	1	2	1	1	1	2	1	1	2	1	2	1	2	1	1
COM57	1	1	1	2	1	1	2	2	1	1	2	1	1	1	2	2	1	1	2	1	1	2	1	1	1	1	2
COM58	1	1	1	2	2	1	1	1	1	1	2	1	1	2	2	2	1	1	1	1	1	2	2	1	1	1	2
COM59	1	1	1	1	2	1	2	2	1	1	1	1	1	2	2	2	1	1	2	1	1	2	2	1	1	1	1
COM60	1	1	1	2	1	1	1	1	1	1	2	1	1	1	2	2	1	2	1	1	2	2	1	1	2	1	2
COM61	1	1	1	1	1	1	2	2	1	1	1	1	1	1	2	2	1	2	2	1	2	2	1	1	2	1	1
COM62	1	1	1	1	2	1	1	1	1	1	1	1	1	2	2	2	1	2	1	1	2	2	2	1	2	1	1
COM63	1	2	2	2	1	1	1	1	1	2	2	1	1	1	2	2	1	1	1	1	1	2	1	1	1	1	2
COM64	1	2	2	1	1	1	2	2	1	2	1	1	1	1	2	2	1	1	2	1	1	2	1	1	1	1	1
COM65	1	2	2	1	2	1	1	1	1	2	1	1	1	2	2	2	1	1	1	1	1	2	2	1	1	1	1
COM66	1	2	2	1	1	1	1	1	1	2	1	1	1	1	2	2	1	2	1	1	2	2	1	1	2	1	1
COM67	1	1	1	2	1	1	2	2	1	1	2	2	1	1	1	1	1	1	2	1	1	1	1	2	1	2	2
COM68	1	1	1	2	2	1	1	1	1	1	2	2	1	2	1	1	1	1	1	1	1	1	2	2	1	2	2
COM69	1	1	1	1	2	1	2	2	1	1	1	2	1	2	1	1	1	1	2	1	1	1	2	2	1	2	1
COM70	1	1	1	2	1	1	1	1	1	1	2	2	1	1	1	1	1	2	1	1	2	1	1	2	2	2	2
COM71	1	1	1	1	1	1	2	2	1	1	1	2	1	1	1	1	1	2	2	1	2	1	1	2	2	2	1
COM72	1	1	1	1	2	1	1	1	1	1	1	2	1	2	1	1	1	2	1	1	2	1	2	2	2	2	1
COM73	1	2	2	2	1	1	1	1	1	2	2	2	1	1	1	1	1	1	1	1	1	1	1	2	1	2	2
COM74	1	2	2	1	1	1	2	2	1	2	1	2	1	1	1	1	1	1	2	1	1	1	1	2	1	2	1
COM75	1	2	2	1	2	1	1	1	1	2	1	2	1	2	1	1	1	1	1	1	1	1	2	2	1	2	1
COM76	1	2	2	1	1	1	1	1	1	2	1	2	1	1	1	1	1	2	1	1	2	1	1	2	2	2	1
COM77	1	1	1	2	1	1	1	1	1	1	2	2	1	1	2	2	1	1	1	1	1	2	1	2	1	2	2
COM78	1	1	1	1	1	1	2	2	1	1	1	2	1	1	2	2	1	1	2	1	1	2	1	2	1	2	1
COM79	1	1	1	1	2	1	1	1	1	1	1	2	1	2	2	2	1	1	1	1	1	2	2	2	1	2	1
COM80	1	1	1	1	1	1	1	1	1	1	1	2	1	1	2	2	1	2	1	1	2	2	1	2	2	2	1
COM81	1	2	2	1	1	1	1	1	1	2	1	2	1	1	2	2	1	1	1	1	1	2	1	2	1	2	1
COM82	1	1	1	2	1	2	2	2	1	1	2	1	1	1	1	1	2	1	2	2	1	1	1	1	1	1	2
COM83	1	1	1	2	2	2	1	1	1	1	2	1	1	2	1	1	2	1	1	2	1	1	2	1	1	1	2
COM84	1	1	1	1	2	2	2	2	1	1	1	1	1	2	1	1	2	1	2	2	1	1	2	1	1	1	1
COM85	1	1	1	2	1	2	1	1	1	1	2	1	1	1	1	1	2	2	1	2	2	1	1	1	2	1	2
COM86	1	1	1	1	1	2	2	2	1	1	1	1	1	1	1	1	2	2	2	2	2	1	1	1	2	1	1
COM87	1	1	1	1	2	2	1	1	1	1	1	1	1	2	1	1	2	2	1	2	2	1	2	1	2	1	1
COM88	1	2	2	2	1	2	1	1	1	2	2	1	1	1	1	1	2	1	1	2	1	1	1	1	1	1	2
COM89	1	2	2	1	1	2	2	2	1	2	1	1	1	1	1	1	2	1	2	2	1	1	1	1	1	1	1
COM90	1	2	2	1	2	2	1	1	1	2	1	1	1	2	1	1	2	1	1	2	1	1	2	1	1	1	1
COM91	1	2	2	1	1	2	1	1	1	2	1	1	1	1	1	1	2	2	1	2	2	1	1	1	2	1	1
COM92	1	1	1	2	1	2	1	1	1	1	2	1	1	1	2	2	2	1	1	2	1	2	1	1	1	1	2
COM93	1	1	1	1	1	2	2	2	1	1	1	1	1	1	2	2	2	1	2	2	1	2	1	1	1	1	1
COM94	1	1	1	1	2	2	1	1	1	1	1	1	1	2	2	2	2	1	1	2	1	2	2	1	1	1	1
COM95	1	1	1	1	1	2	1	1	1	1	1	1	1	1	2	2	2	2	1	2	2	2	1	1	2	1	1
COM96	1	2	2	1	1	2	1	1	1	2	1	1	1	1	2	2	2	1	1	2	1	2	1	1	1	1	1
COM97	1	1	1	2	1	2	1	1	1	1	2	2	1	1	1	1	2	1	1	2	1	1	1	2	1	2	2
COM98	1	1	1	1	1	2	2	2	1	1	1	2	1	1	1	1	2	1	2	2	1	1	1	2	1	2	1
COM99	1	1	1	1	2	2	1	1	1	1	1	2	1	2	1	1	2	1	1	2	1	1	2	2	1	2	1
COM100	1	1	1	1	1	2	1	1	1	1	1	2	1	1	1	1	2	2	1	2	2	1	1	2	2	2	1
COM101	1	2	2	1	1	2	1	1	1	2	1	2	1	1	1	1	2	1	1	2	1	1	1	2	1	2	1
COM102	1	1	1	1	1	2	1	1	1	1	1	2	1	1	2	2	2	1	1	2	1	2	1	2	1	2	1
COM103	2	1	1	2	1	1	2	2	2	1	2	1	2	1	1	1	1	1	2	1	1	1	1	1	1	1	2
COM104	2	1	1	2	2	1	1	1	2	1	2	1	2	2	1	1	1	1	1	1	1	1	2	1	1	1	2
COM105	2	1	1	1	2	1	2	2	2	1	1	1	2	2	1	1	1	1	2	1	1	1	2	1	1	1	1
COM106	2	1	1	2	1	1	1	1	2	1	2	1	2	1	1	1	1	2	1	1	2	1	1	1	2	1	2
COM107	2	1	1	1	1	1	2	2	2	1	1	1	2	1	1	1	1	2	2	1	2	1	1	1	2	1	1
COM108	2	1	1	1	2	1	1	1	2	1	1	1	2	2	1	1	1	2	1	1	2	1	2	1	2	1	1
COM109	2	2	2	2	1	1	1	1	2	2	2	1	2	1	1	1	1	1	1	1	1	1	1	1	1	1	2
COM110	2	2	2	1	1	1	2	2	2	2	1	1	2	1	1	1	1	1	2	1	1	1	1	1	1	1	1
COM111	2	2	2	1	2	1	1	1	2	2	1	1	2	2	1	1	1	1	1	1	1	1	2	1	1	1	1
COM112	2	2	2	1	1	1	1	1	2	2	1	1	2	1	1	1	1	2	1	1	2	1	1	1	2	1	1
COM113	2	1	1	2	1	1	1	1	2	1	2	1	2	1	2	2	1	1	1	1	1	2	1	1	1	1	2
COM114	2	1	1	1	1	1	2	2	2	1	1	1	2	1	2	2	1	1	2	1	1	2	1	1	1	1	1
COM115	2	1	1	1	2	1	1	1	2	1	1	1	2	2	2	2	1	1	1	1	1	2	2	1	1	1	1
COM116	2	1	1	1	1	1	1	1	2	1	1	1	2	1	2	2	1	2	1	1	2	2	1	1	2	1	1
COM117	2	2	2	1	1	1	1	1	2	2	1	1	2	1	2	2	1	1	1	1	1	2	1	1	1	1	1
COM118	2	1	1	2	1	1	1	1	2	1	2	2	2	1	1	1	1	1	1	1	1	1	1	2	1	2	2
COM119	2	1	1	1	1	1	2	2	2	1	1	2	2	1	1	1	1	1	2	1	1	1	1	2	1	2	1
COM120	2	1	1	1	2	1	1	1	2	1	1	2	2	2	1	1	1	1	1	1	1	1	2	2	1	2	1
COM121	2	1	1	1	1	1	1	1	2	1	1	2	2	1	1	1	1	2	1	1	2	1	1	2	2	2	1
COM122	2	2	2	1	1	1	1	1	2	2	1	2	2	1	1	1	1	1	1	1	1	1	1	2	1	2	1
COM123	2	1	1	1	1	1	1	1	2	1	1	2	2	1	2	2	1	1	1	1	1	2	1	2	1	2	1
COM124	2	1	1	2	1	2	1	1	2	1	2	1	2	1	1	1	2	1	1	2	1	1	1	1	1	1	2
COM125	2	1	1	1	1	2	2	2	2	1	1	1	2	1	1	1	2	1	2	2	1	1	1	1	1	1	1
COM126	2	1	1	1	2	2	1	1	2	1	1	1	2	2	1	1	2	1	1	2	1	1	2	1	1	1	1
COM127	2	1	1	1	1	2	1	1	2	1	1	1	2	1	1	1	2	2	1	2	2	1	1	1	2	1	1
COM128	2	2	2	1	1	2	1	1	2	2	1	1	2	1	1	1	2	1	1	2	1	1	1	1	1	1	1
COM129	2	1	1	1	1	2	1	1	2	1	1	1	2	1	2	2	2	1	1	2	1	2	1	1	1	1	1
COM130	2	1	1	1	1	2	1	1	2	1	1	2	2	1	1	1	2	1	1	2	1	1	1	2	1	2	1
COM131	1	1	1	2	2	1	2	2	1	1	2	1	1	2	1	1	1	2	2	1	2	1	2	1	2	1	2
COM132	1	2	2	2	2	1	2	2	1	2	2	1	1	2	1	1	1	1	2	1	1	1	2	1	1	1	2
COM133	1	2	2	2	1	1	2	2	1	2	2	1	1	1	1	1	1	2	2	1	2	1	1	1	2	1	2
COM134	1	2	2	2	2	1	1	1	1	2	2	1	1	2	1	1	1	2	1	1	2	1	2	1	2	1	2
COM135	1	2	2	1	2	1	2	2	1	2	1	1	1	2	1	1	1	2	2	1	2	1	2	1	2	1	1
COM136	1	1	1	2	2	1	2	2	1	1	2	1	1	2	2	2	1	1	2	1	1	2	2	1	1	1	2
COM137	1	1	1	2	1	1	2	2	1	1	2	1	1	1	2	2	1	2	2	1	2	2	1	1	2	1	2
COM138	1	1	1	2	2	1	1	1	1	1	2	1	1	2	2	2	1	2	1	1	2	2	2	1	2	1	2
COM139	1	1	1	1	2	1	2	2	1	1	1	1	1	2	2	2	1	2	2	1	2	2	2	1	2	1	1
COM140	1	2	2	2	1	1	2	2	1	2	2	1	1	1	2	2	1	1	2	1	1	2	1	1	1	1	2
COM141	1	2	2	2	2	1	1	1	1	2	2	1	1	2	2	2	1	1	1	1	1	2	2	1	1	1	2
COM142	1	2	2	1	2	1	2	2	1	2	1	1	1	2	2	2	1	1	2	1	1	2	2	1	1	1	1
COM143	1	2	2	2	1	1	1	1	1	2	2	1	1	1	2	2	1	2	1	1	2	2	1	1	2	1	2
COM144	1	2	2	1	1	1	2	2	1	2	1	1	1	1	2	2	1	2	2	1	2	2	1	1	2	1	1
COM145	1	2	2	1	2	1	1	1	1	2	1	1	1	2	2	2	1	2	1	1	2	2	2	1	2	1	1
COM146	1	1	1	2	2	1	2	2	1	1	2	2	1	2	1	1	1	1	2	1	1	1	2	2	1	2	2
COM147	1	1	1	2	1	1	2	2	1	1	2	2	1	1	1	1	1	2	2	1	2	1	1	2	2	2	2
COM148	1	1	1	2	2	1	1	1	1	1	2	2	1	2	1	1	1	2	1	1	2	1	2	2	2	2	2
COM149	1	1	1	1	2	1	2	2	1	1	1	2	1	2	1	1	1	2	2	1	2	1	2	2	2	2	1
COM150	1	2	2	2	1	1	2	2	1	2	2	2	1	1	1	1	1	1	2	1	1	1	1	2	1	2	2
COM151	1	2	2	2	2	1	1	1	1	2	2	2	1	2	1	1	1	1	1	1	1	1	2	2	1	2	2
COM152	1	2	2	1	2	1	2	2	1	2	1	2	1	2	1	1	1	1	2	1	1	1	2	2	1	2	1
COM153	1	2	2	2	1	1	1	1	1	2	2	2	1	1	1	1	1	2	1	1	2	1	1	2	2	2	2
COM154	1	2	2	1	1	1	2	2	1	2	1	2	1	1	1	1	1	2	2	1	2	1	1	2	2	2	1
COM155	1	2	2	1	2	1	1	1	1	2	1	2	1	2	1	1	1	2	1	1	2	1	2	2	2	2	1
COM156	1	1	1	2	1	1	2	2	1	1	2	2	1	1	2	2	1	1	2	1	1	2	1	2	1	2	2
COM157	1	1	1	2	2	1	1	1	1	1	2	2	1	2	2	2	1	1	1	1	1	2	2	2	1	2	2
COM158	1	1	1	1	2	1	2	2	1	1	1	2	1	2	2	2	1	1	2	1	1	2	2	2	1	2	1
COM159	1	1	1	2	1	1	1	1	1	1	2	2	1	1	2	2	1	2	1	1	2	2	1	2	2	2	2
COM160	1	1	1	1	1	1	2	2	1	1	1	2	1	1	2	2	1	2	2	1	2	2	1	2	2	2	1
COM161	1	1	1	1	2	1	1	1	1	1	1	2	1	2	2	2	1	2	1	1	2	2	2	2	2	2	1
COM162	1	2	2	2	1	1	1	1	1	2	2	2	1	1	2	2	1	1	1	1	1	2	1	2	1	2	2
COM163	1	2	2	1	1	1	2	2	1	2	1	2	1	1	2	2	1	1	2	1	1	2	1	2	1	2	1
COM164	1	2	2	1	2	1	1	1	1	2	1	2	1	2	2	2	1	1	1	1	1	2	2	2	1	2	1
COM165	1	2	2	1	1	1	1	1	1	2	1	2	1	1	2	2	1	2	1	1	2	2	1	2	2	2	1
COM166	1	1	1	2	2	2	2	2	1	1	2	1	1	2	1	1	2	1	2	2	1	1	2	1	1	1	2
COM167	1	1	1	2	1	2	2	2	1	1	2	1	1	1	1	1	2	2	2	2	2	1	1	1	2	1	2
COM168	1	1	1	2	2	2	1	1	1	1	2	1	1	2	1	1	2	2	1	2	2	1	2	1	2	1	2
COM169	1	1	1	1	2	2	2	2	1	1	1	1	1	2	1	1	2	2	2	2	2	1	2	1	2	1	1
COM170	1	2	2	2	1	2	2	2	1	2	2	1	1	1	1	1	2	1	2	2	1	1	1	1	1	1	2
COM171	1	2	2	2	2	2	1	1	1	2	2	1	1	2	1	1	2	1	1	2	1	1	2	1	1	1	2
COM172	1	2	2	1	2	2	2	2	1	2	1	1	1	2	1	1	2	1	2	2	1	1	2	1	1	1	1
COM173	1	2	2	2	1	2	1	1	1	2	2	1	1	1	1	1	2	2	1	2	2	1	1	1	2	1	2
COM174	1	2	2	1	1	2	2	2	1	2	1	1	1	1	1	1	2	2	2	2	2	1	1	1	2	1	1
COM175	1	2	2	1	2	2	1	1	1	2	1	1	1	2	1	1	2	2	1	2	2	1	2	1	2	1	1
COM176	1	1	1	2	1	2	2	2	1	1	2	1	1	1	2	2	2	1	2	2	1	2	1	1	1	1	2
COM177	1	1	1	2	2	2	1	1	1	1	2	1	1	2	2	2	2	1	1	2	1	2	2	1	1	1	2
COM178	1	1	1	1	2	2	2	2	1	1	1	1	1	2	2	2	2	1	2	2	1	2	2	1	1	1	1
COM179	1	1	1	2	1	2	1	1	1	1	2	1	1	1	2	2	2	2	1	2	2	2	1	1	2	1	2
COM180	1	1	1	1	1	2	2	2	1	1	1	1	1	1	2	2	2	2	2	2	2	2	1	1	2	1	1
COM181	1	1	1	1	2	2	1	1	1	1	1	1	1	2	2	2	2	2	1	2	2	2	2	1	2	1	1
COM182	1	2	2	2	1	2	1	1	1	2	2	1	1	1	2	2	2	1	1	2	1	2	1	1	1	1	2
COM183	1	2	2	1	1	2	2	2	1	2	1	1	1	1	2	2	2	1	2	2	1	2	1	1	1	1	1
COM184	1	2	2	1	2	2	1	1	1	2	1	1	1	2	2	2	2	1	1	2	1	2	2	1	1	1	1
COM185	1	2	2	1	1	2	1	1	1	2	1	1	1	1	2	2	2	2	1	2	2	2	1	1	2	1	1
COM186	1	1	1	2	1	2	2	2	1	1	2	2	1	1	1	1	2	1	2	2	1	1	1	2	1	2	2
COM187	1	1	1	2	2	2	1	1	1	1	2	2	1	2	1	1	2	1	1	2	1	1	2	2	1	2	2
COM188	1	1	1	1	2	2	2	2	1	1	1	2	1	2	1	1	2	1	2	2	1	1	2	2	1	2	1
COM189	1	1	1	2	1	2	1	1	1	1	2	2	1	1	1	1	2	2	1	2	2	1	1	2	2	2	2
COM190	1	1	1	1	1	2	2	2	1	1	1	2	1	1	1	1	2	2	2	2	2	1	1	2	2	2	1
COM191	1	1	1	1	2	2	1	1	1	1	1	2	1	2	1	1	2	2	1	2	2	1	2	2	2	2	1
COM192	1	2	2	2	1	2	1	1	1	2	2	2	1	1	1	1	2	1	1	2	1	1	1	2	1	2	2
COM193	1	2	2	1	1	2	2	2	1	2	1	2	1	1	1	1	2	1	2	2	1	1	1	2	1	2	1
COM194	1	2	2	1	2	2	1	1	1	2	1	2	1	2	1	1	2	1	1	2	1	1	2	2	1	2	1
COM195	1	2	2	1	1	2	1	1	1	2	1	2	1	1	1	1	2	2	1	2	2	1	1	2	2	2	1
COM196	1	1	1	2	1	2	1	1	1	1	2	2	1	1	2	2	2	1	1	2	1	2	1	2	1	2	2
COM197	1	1	1	1	1	2	2	2	1	1	1	2	1	1	2	2	2	1	2	2	1	2	1	2	1	2	1
COM198	1	1	1	1	2	2	1	1	1	1	1	2	1	2	2	2	2	1	1	2	1	2	2	2	1	2	1
COM199	1	1	1	1	1	2	1	1	1	1	1	2	1	1	2	2	2	2	1	2	2	2	1	2	2	2	1
COM200	1	2	2	1	1	2	1	1	1	2	1	2	1	1	2	2	2	1	1	2	1	2	1	2	1	2	1
COM201	2	1	1	2	2	1	2	2	2	1	2	1	2	2	1	1	1	1	2	1	1	1	2	1	1	1	2
COM202	2	1	1	2	1	1	2	2	2	1	2	1	2	1	1	1	1	2	2	1	2	1	1	1	2	1	2
COM203	2	1	1	2	2	1	1	1	2	1	2	1	2	2	1	1	1	2	1	1	2	1	2	1	2	1	2
COM204	2	1	1	1	2	1	2	2	2	1	1	1	2	2	1	1	1	2	2	1	2	1	2	1	2	1	1
COM205	2	2	2	2	1	1	2	2	2	2	2	1	2	1	1	1	1	1	2	1	1	1	1	1	1	1	2
COM206	2	2	2	2	2	1	1	1	2	2	2	1	2	2	1	1	1	1	1	1	1	1	2	1	1	1	2
COM207	2	2	2	1	2	1	2	2	2	2	1	1	2	2	1	1	1	1	2	1	1	1	2	1	1	1	1
COM208	2	2	2	2	1	1	1	1	2	2	2	1	2	1	1	1	1	2	1	1	2	1	1	1	2	1	2
COM209	2	2	2	1	1	1	2	2	2	2	1	1	2	1	1	1	1	2	2	1	2	1	1	1	2	1	1
COM210	2	2	2	1	2	1	1	1	2	2	1	1	2	2	1	1	1	2	1	1	2	1	2	1	2	1	1
COM211	2	1	1	2	1	1	2	2	2	1	2	1	2	1	2	2	1	1	2	1	1	2	1	1	1	1	2
COM212	2	1	1	2	2	1	1	1	2	1	2	1	2	2	2	2	1	1	1	1	1	2	2	1	1	1	2
COM213	2	1	1	1	2	1	2	2	2	1	1	1	2	2	2	2	1	1	2	1	1	2	2	1	1	1	1
COM214	2	1	1	2	1	1	1	1	2	1	2	1	2	1	2	2	1	2	1	1	2	2	1	1	2	1	2
COM215	2	1	1	1	1	1	2	2	2	1	1	1	2	1	2	2	1	2	2	1	2	2	1	1	2	1	1
COM216	2	1	1	1	2	1	1	1	2	1	1	1	2	2	2	2	1	2	1	1	2	2	2	1	2	1	1
COM217	2	2	2	2	1	1	1	1	2	2	2	1	2	1	2	2	1	1	1	1	1	2	1	1	1	1	2
COM218	2	2	2	1	1	1	2	2	2	2	1	1	2	1	2	2	1	1	2	1	1	2	1	1	1	1	1
COM219	2	2	2	1	2	1	1	1	2	2	1	1	2	2	2	2	1	1	1	1	1	2	2	1	1	1	1
COM220	2	2	2	1	1	1	1	1	2	2	1	1	2	1	2	2	1	2	1	1	2	2	1	1	2	1	1
COM221	2	1	1	2	1	1	2	2	2	1	2	2	2	1	1	1	1	1	2	1	1	1	1	2	1	2	2
COM222	2	1	1	2	2	1	1	1	2	1	2	2	2	2	1	1	1	1	1	1	1	1	2	2	1	2	2
COM223	2	1	1	1	2	1	2	2	2	1	1	2	2	2	1	1	1	1	2	1	1	1	2	2	1	2	1
COM224	2	1	1	2	1	1	1	1	2	1	2	2	2	1	1	1	1	2	1	1	2	1	1	2	2	2	2
COM225	2	1	1	1	1	1	2	2	2	1	1	2	2	1	1	1	1	2	2	1	2	1	1	2	2	2	1
COM226	2	1	1	1	2	1	1	1	2	1	1	2	2	2	1	1	1	2	1	1	2	1	2	2	2	2	1
COM227	2	2	2	2	1	1	1	1	2	2	2	2	2	1	1	1	1	1	1	1	1	1	1	2	1	2	2
COM228	2	2	2	1	1	1	2	2	2	2	1	2	2	1	1	1	1	1	2	1	1	1	1	2	1	2	1
COM229	2	2	2	1	2	1	1	1	2	2	1	2	2	2	1	1	1	1	1	1	1	1	2	2	1	2	1
COM230	2	2	2	1	1	1	1	1	2	2	1	2	2	1	1	1	1	2	1	1	2	1	1	2	2	2	1
COM231	2	1	1	2	1	1	1	1	2	1	2	2	2	1	2	2	1	1	1	1	1	2	1	2	1	2	2
COM232	2	1	1	1	1	1	2	2	2	1	1	2	2	1	2	2	1	1	2	1	1	2	1	2	1	2	1
COM233	2	1	1	1	2	1	1	1	2	1	1	2	2	2	2	2	1	1	1	1	1	2	2	2	1	2	1
COM234	2	1	1	1	1	1	1	1	2	1	1	2	2	1	2	2	1	2	1	1	2	2	1	2	2	2	1
COM235	2	2	2	1	1	1	1	1	2	2	1	2	2	1	2	2	1	1	1	1	1	2	1	2	1	2	1
COM236	2	1	1	2	1	2	2	2	2	1	2	1	2	1	1	1	2	1	2	2	1	1	1	1	1	1	2
COM237	2	1	1	2	2	2	1	1	2	1	2	1	2	2	1	1	2	1	1	2	1	1	2	1	1	1	2
COM238	2	1	1	1	2	2	2	2	2	1	1	1	2	2	1	1	2	1	2	2	1	1	2	1	1	1	1
COM239	2	1	1	2	1	2	1	1	2	1	2	1	2	1	1	1	2	2	1	2	2	1	1	1	2	1	2
COM240	2	1	1	1	1	2	2	2	2	1	1	1	2	1	1	1	2	2	2	2	2	1	1	1	2	1	1
COM241	2	1	1	1	2	2	1	1	2	1	1	1	2	2	1	1	2	2	1	2	2	1	2	1	2	1	1
COM242	2	2	2	2	1	2	1	1	2	2	2	1	2	1	1	1	2	1	1	2	1	1	1	1	1	1	2
COM243	2	2	2	1	1	2	2	2	2	2	1	1	2	1	1	1	2	1	2	2	1	1	1	1	1	1	1
COM244	2	2	2	1	2	2	1	1	2	2	1	1	2	2	1	1	2	1	1	2	1	1	2	1	1	1	1
COM245	2	2	2	1	1	2	1	1	2	2	1	1	2	1	1	1	2	2	1	2	2	1	1	1	2	1	1
COM246	2	1	1	2	1	2	1	1	2	1	2	1	2	1	2	2	2	1	1	2	1	2	1	1	1	1	2
COM247	2	1	1	1	1	2	2	2	2	1	1	1	2	1	2	2	2	1	2	2	1	2	1	1	1	1	1
COM248	2	1	1	1	2	2	1	1	2	1	1	1	2	2	2	2	2	1	1	2	1	2	2	1	1	1	1
COM249	2	1	1	1	1	2	1	1	2	1	1	1	2	1	2	2	2	2	1	2	2	2	1	1	2	1	1
COM250	2	2	2	1	1	2	1	1	2	2	1	1	2	1	2	2	2	1	1	2	1	2	1	1	1	1	1
COM251	2	1	1	2	1	2	1	1	2	1	2	2	2	1	1	1	2	1	1	2	1	1	1	2	1	2	2
COM252	2	1	1	1	1	2	2	2	2	1	1	2	2	1	1	1	2	1	2	2	1	1	1	2	1	2	1
COM253	2	1	1	1	2	2	1	1	2	1	1	2	2	2	1	1	2	1	1	2	1	1	2	2	1	2	1
COM254	2	1	1	1	1	2	1	1	2	1	1	2	2	1	1	1	2	2	1	2	2	1	1	2	2	2	1
COM255	2	2	2	1	1	2	1	1	2	2	1	2	2	1	1	1	2	1	1	2	1	1	1	2	1	2	1
COM256	2	1	1	1	1	2	1	1	2	1	1	2	2	1	2	2	2	1	1	2	1	2	1	2	1	2	1
COM257	1	2	2	2	2	1	2	2	1	2	2	1	1	2	1	1	1	2	2	1	2	1	2	1	2	1	2
COM258	1	1	1	2	2	1	2	2	1	1	2	1	1	2	2	2	1	2	2	1	2	2	2	1	2	1	2
COM259	1	2	2	2	2	1	2	2	1	2	2	1	1	2	2	2	1	1	2	1	1	2	2	1	1	1	2
COM260	1	2	2	2	1	1	2	2	1	2	2	1	1	1	2	2	1	2	2	1	2	2	1	1	2	1	2
COM261	1	2	2	2	2	1	1	1	1	2	2	1	1	2	2	2	1	2	1	1	2	2	2	1	2	1	2
COM262	1	2	2	1	2	1	2	2	1	2	1	1	1	2	2	2	1	2	2	1	2	2	2	1	2	1	1
COM263	1	1	1	2	2	1	2	2	1	1	2	2	1	2	1	1	1	2	2	1	2	1	2	2	2	2	2
COM264	1	2	2	2	2	1	2	2	1	2	2	2	1	2	1	1	1	1	2	1	1	1	2	2	1	2	2
COM265	1	2	2	2	1	1	2	2	1	2	2	2	1	1	1	1	1	2	2	1	2	1	1	2	2	2	2
COM266	1	2	2	2	2	1	1	1	1	2	2	2	1	2	1	1	1	2	1	1	2	1	2	2	2	2	2
COM267	1	2	2	1	2	1	2	2	1	2	1	2	1	2	1	1	1	2	2	1	2	1	2	2	2	2	1
COM268	1	1	1	2	2	1	2	2	1	1	2	2	1	2	2	2	1	1	2	1	1	2	2	2	1	2	2
COM269	1	1	1	2	1	1	2	2	1	1	2	2	1	1	2	2	1	2	2	1	2	2	1	2	2	2	2
COM270	1	1	1	2	2	1	1	1	1	1	2	2	1	2	2	2	1	2	1	1	2	2	2	2	2	2	2
COM271	1	1	1	1	2	1	2	2	1	1	1	2	1	2	2	2	1	2	2	1	2	2	2	2	2	2	1
COM272	1	2	2	2	1	1	2	2	1	2	2	2	1	1	2	2	1	1	2	1	1	2	1	2	1	2	2
COM273	1	2	2	2	2	1	1	1	1	2	2	2	1	2	2	2	1	1	1	1	1	2	2	2	1	2	2
COM274	1	2	2	1	2	1	2	2	1	2	1	2	1	2	2	2	1	1	2	1	1	2	2	2	1	2	1
COM275	1	2	2	2	1	1	1	1	1	2	2	2	1	1	2	2	1	2	1	1	2	2	1	2	2	2	2
COM276	1	2	2	1	1	1	2	2	1	2	1	2	1	1	2	2	1	2	2	1	2	2	1	2	2	2	1
COM277	1	2	2	1	2	1	1	1	1	2	1	2	1	2	2	2	1	2	1	1	2	2	2	2	2	2	1
COM278	1	1	1	2	2	2	2	2	1	1	2	1	1	2	1	1	2	2	2	2	2	1	2	1	2	1	2
COM279	1	2	2	2	2	2	2	2	1	2	2	1	1	2	1	1	2	1	2	2	1	1	2	1	1	1	2
COM280	1	2	2	2	1	2	2	2	1	2	2	1	1	1	1	1	2	2	2	2	2	1	1	1	2	1	2
COM281	1	2	2	2	2	2	1	1	1	2	2	1	1	2	1	1	2	2	1	2	2	1	2	1	2	1	2
COM282	1	2	2	1	2	2	2	2	1	2	1	1	1	2	1	1	2	2	2	2	2	1	2	1	2	1	1
COM283	1	1	1	2	2	2	2	2	1	1	2	1	1	2	2	2	2	1	2	2	1	2	2	1	1	1	2
COM284	1	1	1	2	1	2	2	2	1	1	2	1	1	1	2	2	2	2	2	2	2	2	1	1	2	1	2
COM285	1	1	1	2	2	2	1	1	1	1	2	1	1	2	2	2	2	2	1	2	2	2	2	1	2	1	2
COM286	1	1	1	1	2	2	2	2	1	1	1	1	1	2	2	2	2	2	2	2	2	2	2	1	2	1	1
COM287	1	2	2	2	1	2	2	2	1	2	2	1	1	1	2	2	2	1	2	2	1	2	1	1	1	1	2
COM288	1	2	2	2	2	2	1	1	1	2	2	1	1	2	2	2	2	1	1	2	1	2	2	1	1	1	2
COM289	1	2	2	1	2	2	2	2	1	2	1	1	1	2	2	2	2	1	2	2	1	2	2	1	1	1	1
COM290	1	2	2	2	1	2	1	1	1	2	2	1	1	1	2	2	2	2	1	2	2	2	1	1	2	1	2
COM291	1	2	2	1	1	2	2	2	1	2	1	1	1	1	2	2	2	2	2	2	2	2	1	1	2	1	1
COM292	1	2	2	1	2	2	1	1	1	2	1	1	1	2	2	2	2	2	1	2	2	2	2	1	2	1	1
COM293	1	1	1	2	2	2	2	2	1	1	2	2	1	2	1	1	2	1	2	2	1	1	2	2	1	2	2
COM294	1	1	1	2	1	2	2	2	1	1	2	2	1	1	1	1	2	2	2	2	2	1	1	2	2	2	2
COM295	1	1	1	2	2	2	1	1	1	1	2	2	1	2	1	1	2	2	1	2	2	1	2	2	2	2	2
COM296	1	1	1	1	2	2	2	2	1	1	1	2	1	2	1	1	2	2	2	2	2	1	2	2	2	2	1
COM297	1	2	2	2	1	2	2	2	1	2	2	2	1	1	1	1	2	1	2	2	1	1	1	2	1	2	2
COM298	1	2	2	2	2	2	1	1	1	2	2	2	1	2	1	1	2	1	1	2	1	1	2	2	1	2	2
COM299	1	2	2	1	2	2	2	2	1	2	1	2	1	2	1	1	2	1	2	2	1	1	2	2	1	2	1
COM300	1	2	2	2	1	2	1	1	1	2	2	2	1	1	1	1	2	2	1	2	2	1	1	2	2	2	2
COM301	1	2	2	1	1	2	2	2	1	2	1	2	1	1	1	1	2	2	2	2	2	1	1	2	2	2	1
COM302	1	2	2	1	2	2	1	1	1	2	1	2	1	2	1	1	2	2	1	2	2	1	2	2	2	2	1
COM303	1	1	1	2	1	2	2	2	1	1	2	2	1	1	2	2	2	1	2	2	1	2	1	2	1	2	2
COM304	1	1	1	2	2	2	1	1	1	1	2	2	1	2	2	2	2	1	1	2	1	2	2	2	1	2	2
COM305	1	1	1	1	2	2	2	2	1	1	1	2	1	2	2	2	2	1	2	2	1	2	2	2	1	2	1
COM306	1	1	1	2	1	2	1	1	1	1	2	2	1	1	2	2	2	2	1	2	2	2	1	2	2	2	2
COM307	1	1	1	1	1	2	2	2	1	1	1	2	1	1	2	2	2	2	2	2	2	2	1	2	2	2	1
COM308	1	1	1	1	2	2	1	1	1	1	1	2	1	2	2	2	2	2	1	2	2	2	2	2	2	2	1
COM309	1	2	2	2	1	2	1	1	1	2	2	2	1	1	2	2	2	1	1	2	1	2	1	2	1	2	2
COM310	1	2	2	1	1	2	2	2	1	2	1	2	1	1	2	2	2	1	2	2	1	2	1	2	1	2	1
COM311	1	2	2	1	2	2	1	1	1	2	1	2	1	2	2	2	2	1	1	2	1	2	2	2	1	2	1
COM312	1	2	2	1	1	2	1	1	1	2	1	2	1	1	2	2	2	2	1	2	2	2	1	2	2	2	1
COM313	2	1	1	2	2	1	2	2	2	1	2	1	2	2	1	1	1	2	2	1	2	1	2	1	2	1	2
COM314	2	2	2	2	2	1	2	2	2	2	2	1	2	2	1	1	1	1	2	1	1	1	2	1	1	1	2
COM315	2	2	2	2	1	1	2	2	2	2	2	1	2	1	1	1	1	2	2	1	2	1	1	1	2	1	2
COM316	2	2	2	2	2	1	1	1	2	2	2	1	2	2	1	1	1	2	1	1	2	1	2	1	2	1	2
COM317	2	2	2	1	2	1	2	2	2	2	1	1	2	2	1	1	1	2	2	1	2	1	2	1	2	1	1
COM318	2	1	1	2	2	1	2	2	2	1	2	1	2	2	2	2	1	1	2	1	1	2	2	1	1	1	2
COM319	2	1	1	2	1	1	2	2	2	1	2	1	2	1	2	2	1	2	2	1	2	2	1	1	2	1	2
COM320	2	1	1	2	2	1	1	1	2	1	2	1	2	2	2	2	1	2	1	1	2	2	2	1	2	1	2
COM321	2	1	1	1	2	1	2	2	2	1	1	1	2	2	2	2	1	2	2	1	2	2	2	1	2	1	1
COM322	2	2	2	2	1	1	2	2	2	2	2	1	2	1	2	2	1	1	2	1	1	2	1	1	1	1	2
COM323	2	2	2	2	2	1	1	1	2	2	2	1	2	2	2	2	1	1	1	1	1	2	2	1	1	1	2
COM324	2	2	2	1	2	1	2	2	2	2	1	1	2	2	2	2	1	1	2	1	1	2	2	1	1	1	1
COM325	2	2	2	2	1	1	1	1	2	2	2	1	2	1	2	2	1	2	1	1	2	2	1	1	2	1	2
COM326	2	2	2	1	1	1	2	2	2	2	1	1	2	1	2	2	1	2	2	1	2	2	1	1	2	1	1
COM327	2	2	2	1	2	1	1	1	2	2	1	1	2	2	2	2	1	2	1	1	2	2	2	1	2	1	1
COM328	2	1	1	2	2	1	2	2	2	1	2	2	2	2	1	1	1	1	2	1	1	1	2	2	1	2	2
COM329	2	1	1	2	1	1	2	2	2	1	2	2	2	1	1	1	1	2	2	1	2	1	1	2	2	2	2
COM330	2	1	1	2	2	1	1	1	2	1	2	2	2	2	1	1	1	2	1	1	2	1	2	2	2	2	2
COM331	2	1	1	1	2	1	2	2	2	1	1	2	2	2	1	1	1	2	2	1	2	1	2	2	2	2	1
COM332	2	2	2	2	1	1	2	2	2	2	2	2	2	1	1	1	1	1	2	1	1	1	1	2	1	2	2
COM333	2	2	2	2	2	1	1	1	2	2	2	2	2	2	1	1	1	1	1	1	1	1	2	2	1	2	2
COM334	2	2	2	1	2	1	2	2	2	2	1	2	2	2	1	1	1	1	2	1	1	1	2	2	1	2	1
COM335	2	2	2	2	1	1	1	1	2	2	2	2	2	1	1	1	1	2	1	1	2	1	1	2	2	2	2
COM336	2	2	2	1	1	1	2	2	2	2	1	2	2	1	1	1	1	2	2	1	2	1	1	2	2	2	1
COM337	2	2	2	1	2	1	1	1	2	2	1	2	2	2	1	1	1	2	1	1	2	1	2	2	2	2	1
COM338	2	1	1	2	1	1	2	2	2	1	2	2	2	1	2	2	1	1	2	1	1	2	1	2	1	2	2
COM339	2	1	1	2	2	1	1	1	2	1	2	2	2	2	2	2	1	1	1	1	1	2	2	2	1	2	2
COM340	2	1	1	1	2	1	2	2	2	1	1	2	2	2	2	2	1	1	2	1	1	2	2	2	1	2	1
COM341	2	1	1	2	1	1	1	1	2	1	2	2	2	1	2	2	1	2	1	1	2	2	1	2	2	2	2
COM342	2	1	1	1	1	1	2	2	2	1	1	2	2	1	2	2	1	2	2	1	2	2	1	2	2	2	1
COM343	2	1	1	1	2	1	1	1	2	1	1	2	2	2	2	2	1	2	1	1	2	2	2	2	2	2	1
COM344	2	2	2	2	1	1	1	1	2	2	2	2	2	1	2	2	1	1	1	1	1	2	1	2	1	2	2
COM345	2	2	2	1	1	1	2	2	2	2	1	2	2	1	2	2	1	1	2	1	1	2	1	2	1	2	1
COM346	2	2	2	1	2	1	1	1	2	2	1	2	2	2	2	2	1	1	1	1	1	2	2	2	1	2	1
COM347	2	2	2	1	1	1	1	1	2	2	1	2	2	1	2	2	1	2	1	1	2	2	1	2	2	2	1
COM348	2	1	1	2	2	2	2	2	2	1	2	1	2	2	1	1	2	1	2	2	1	1	2	1	1	1	2
COM349	2	1	1	2	1	2	2	2	2	1	2	1	2	1	1	1	2	2	2	2	2	1	1	1	2	1	2
COM350	2	1	1	2	2	2	1	1	2	1	2	1	2	2	1	1	2	2	1	2	2	1	2	1	2	1	2
COM351	2	1	1	1	2	2	2	2	2	1	1	1	2	2	1	1	2	2	2	2	2	1	2	1	2	1	1
COM352	2	2	2	2	1	2	2	2	2	2	2	1	2	1	1	1	2	1	2	2	1	1	1	1	1	1	2
COM353	2	2	2	2	2	2	1	1	2	2	2	1	2	2	1	1	2	1	1	2	1	1	2	1	1	1	2
COM354	2	2	2	1	2	2	2	2	2	2	1	1	2	2	1	1	2	1	2	2	1	1	2	1	1	1	1
COM355	2	2	2	2	1	2	1	1	2	2	2	1	2	1	1	1	2	2	1	2	2	1	1	1	2	1	2
COM356	2	2	2	1	1	2	2	2	2	2	1	1	2	1	1	1	2	2	2	2	2	1	1	1	2	1	1
COM357	2	2	2	1	2	2	1	1	2	2	1	1	2	2	1	1	2	2	1	2	2	1	2	1	2	1	1
COM358	2	1	1	2	1	2	2	2	2	1	2	1	2	1	2	2	2	1	2	2	1	2	1	1	1	1	2
COM359	2	1	1	2	2	2	1	1	2	1	2	1	2	2	2	2	2	1	1	2	1	2	2	1	1	1	2
COM360	2	1	1	1	2	2	2	2	2	1	1	1	2	2	2	2	2	1	2	2	1	2	2	1	1	1	1
COM361	2	1	1	2	1	2	1	1	2	1	2	1	2	1	2	2	2	2	1	2	2	2	1	1	2	1	2
COM362	2	1	1	1	1	2	2	2	2	1	1	1	2	1	2	2	2	2	2	2	2	2	1	1	2	1	1
COM363	2	1	1	1	2	2	1	1	2	1	1	1	2	2	2	2	2	2	1	2	2	2	2	1	2	1	1
COM364	2	2	2	2	1	2	1	1	2	2	2	1	2	1	2	2	2	1	1	2	1	2	1	1	1	1	2
COM365	2	2	2	1	1	2	2	2	2	2	1	1	2	1	2	2	2	1	2	2	1	2	1	1	1	1	1
COM366	2	2	2	1	2	2	1	1	2	2	1	1	2	2	2	2	2	1	1	2	1	2	2	1	1	1	1
COM367	2	2	2	1	1	2	1	1	2	2	1	1	2	1	2	2	2	2	1	2	2	2	1	1	2	1	1
COM368	2	1	1	2	1	2	2	2	2	1	2	2	2	1	1	1	2	1	2	2	1	1	1	2	1	2	2
COM369	2	1	1	2	2	2	1	1	2	1	2	2	2	2	1	1	2	1	1	2	1	1	2	2	1	2	2
COM370	2	1	1	1	2	2	2	2	2	1	1	2	2	2	1	1	2	1	2	2	1	1	2	2	1	2	1
COM371	2	1	1	2	1	2	1	1	2	1	2	2	2	1	1	1	2	2	1	2	2	1	1	2	2	2	2
COM372	2	1	1	1	1	2	2	2	2	1	1	2	2	1	1	1	2	2	2	2	2	1	1	2	2	2	1
COM373	2	1	1	1	2	2	1	1	2	1	1	2	2	2	1	1	2	2	1	2	2	1	2	2	2	2	1
COM374	2	2	2	2	1	2	1	1	2	2	2	2	2	1	1	1	2	1	1	2	1	1	1	2	1	2	2
COM375	2	2	2	1	1	2	2	2	2	2	1	2	2	1	1	1	2	1	2	2	1	1	1	2	1	2	1
COM376	2	2	2	1	2	2	1	1	2	2	1	2	2	2	1	1	2	1	1	2	1	1	2	2	1	2	1
COM377	2	2	2	1	1	2	1	1	2	2	1	2	2	1	1	1	2	2	1	2	2	1	1	2	2	2	1
COM378	2	1	1	2	1	2	1	1	2	1	2	2	2	1	2	2	2	1	1	2	1	2	1	2	1	2	2
COM379	2	1	1	1	1	2	2	2	2	1	1	2	2	1	2	2	2	1	2	2	1	2	1	2	1	2	1
COM380	2	1	1	1	2	2	1	1	2	1	1	2	2	2	2	2	2	1	1	2	1	2	2	2	1	2	1
COM381	2	1	1	1	1	2	1	1	2	1	1	2	2	1	2	2	2	2	1	2	2	2	1	2	2	2	1
COM382	2	2	2	1	1	2	1	1	2	2	1	2	2	1	2	2	2	1	1	2	1	2	1	2	1	2	1
COM383	1	2	2	2	2	1	2	2	1	2	2	1	1	2	2	2	1	2	2	1	2	2	2	1	2	1	2
COM384	1	2	2	2	2	1	2	2	1	2	2	2	1	2	1	1	1	2	2	1	2	1	2	2	2	2	2
COM385	1	1	1	2	2	1	2	2	1	1	2	2	1	2	2	2	1	2	2	1	2	2	2	2	2	2	2
COM386	1	2	2	2	2	1	2	2	1	2	2	2	1	2	2	2	1	1	2	1	1	2	2	2	1	2	2
COM387	1	2	2	2	1	1	2	2	1	2	2	2	1	1	2	2	1	2	2	1	2	2	1	2	2	2	2
COM388	1	2	2	2	2	1	1	1	1	2	2	2	1	2	2	2	1	2	1	1	2	2	2	2	2	2	2
COM389	1	2	2	1	2	1	2	2	1	2	1	2	1	2	2	2	1	2	2	1	2	2	2	2	2	2	1
COM390	1	2	2	2	2	2	2	2	1	2	2	1	1	2	1	1	2	2	2	2	2	1	2	1	2	1	2
COM391	1	1	1	2	2	2	2	2	1	1	2	1	1	2	2	2	2	2	2	2	2	2	2	1	2	1	2
COM392	1	2	2	2	2	2	2	2	1	2	2	1	1	2	2	2	2	1	2	2	1	2	2	1	1	1	2
COM393	1	2	2	2	1	2	2	2	1	2	2	1	1	1	2	2	2	2	2	2	2	2	1	1	2	1	2
COM394	1	2	2	2	2	2	1	1	1	2	2	1	1	2	2	2	2	2	1	2	2	2	2	1	2	1	2
COM395	1	2	2	1	2	2	2	2	1	2	1	1	1	2	2	2	2	2	2	2	2	2	2	1	2	1	1
COM396	1	1	1	2	2	2	2	2	1	1	2	2	1	2	1	1	2	2	2	2	2	1	2	2	2	2	2
COM397	1	2	2	2	2	2	2	2	1	2	2	2	1	2	1	1	2	1	2	2	1	1	2	2	1	2	2
COM398	1	2	2	2	1	2	2	2	1	2	2	2	1	1	1	1	2	2	2	2	2	1	1	2	2	2	2
COM399	1	2	2	2	2	2	1	1	1	2	2	2	1	2	1	1	2	2	1	2	2	1	2	2	2	2	2
COM400	1	2	2	1	2	2	2	2	1	2	1	2	1	2	1	1	2	2	2	2	2	1	2	2	2	2	1
COM401	1	1	1	2	2	2	2	2	1	1	2	2	1	2	2	2	2	1	2	2	1	2	2	2	1	2	2
COM402	1	1	1	2	1	2	2	2	1	1	2	2	1	1	2	2	2	2	2	2	2	2	1	2	2	2	2
COM403	1	1	1	2	2	2	1	1	1	1	2	2	1	2	2	2	2	2	1	2	2	2	2	2	2	2	2
COM404	1	1	1	1	2	2	2	2	1	1	1	2	1	2	2	2	2	2	2	2	2	2	2	2	2	2	1
COM405	1	2	2	2	1	2	2	2	1	2	2	2	1	1	2	2	2	1	2	2	1	2	1	2	1	2	2
COM406	1	2	2	2	2	2	1	1	1	2	2	2	1	2	2	2	2	1	1	2	1	2	2	2	1	2	2
COM407	1	2	2	1	2	2	2	2	1	2	1	2	1	2	2	2	2	1	2	2	1	2	2	2	1	2	1
COM408	1	2	2	2	1	2	1	1	1	2	2	2	1	1	2	2	2	2	1	2	2	2	1	2	2	2	2
COM409	1	2	2	1	1	2	2	2	1	2	1	2	1	1	2	2	2	2	2	2	2	2	1	2	2	2	1
COM410	1	2	2	1	2	2	1	1	1	2	1	2	1	2	2	2	2	2	1	2	2	2	2	2	2	2	1
COM411	2	2	2	2	2	1	2	2	2	2	2	1	2	2	1	1	1	2	2	1	2	1	2	1	2	1	2
COM412	2	1	1	2	2	1	2	2	2	1	2	1	2	2	2	2	1	2	2	1	2	2	2	1	2	1	2
COM413	2	2	2	2	2	1	2	2	2	2	2	1	2	2	2	2	1	1	2	1	1	2	2	1	1	1	2
COM414	2	2	2	2	1	1	2	2	2	2	2	1	2	1	2	2	1	2	2	1	2	2	1	1	2	1	2
COM415	2	2	2	2	2	1	1	1	2	2	2	1	2	2	2	2	1	2	1	1	2	2	2	1	2	1	2
COM416	2	2	2	1	2	1	2	2	2	2	1	1	2	2	2	2	1	2	2	1	2	2	2	1	2	1	1
COM417	2	1	1	2	2	1	2	2	2	1	2	2	2	2	1	1	1	2	2	1	2	1	2	2	2	2	2
COM418	2	2	2	2	2	1	2	2	2	2	2	2	2	2	1	1	1	1	2	1	1	1	2	2	1	2	2
COM419	2	2	2	2	1	1	2	2	2	2	2	2	2	1	1	1	1	2	2	1	2	1	1	2	2	2	2
COM420	2	2	2	2	2	1	1	1	2	2	2	2	2	2	1	1	1	2	1	1	2	1	2	2	2	2	2
COM421	2	2	2	1	2	1	2	2	2	2	1	2	2	2	1	1	1	2	2	1	2	1	2	2	2	2	1
COM422	2	1	1	2	2	1	2	2	2	1	2	2	2	2	2	2	1	1	2	1	1	2	2	2	1	2	2
COM423	2	1	1	2	1	1	2	2	2	1	2	2	2	1	2	2	1	2	2	1	2	2	1	2	2	2	2
COM424	2	1	1	2	2	1	1	1	2	1	2	2	2	2	2	2	1	2	1	1	2	2	2	2	2	2	2
COM425	2	1	1	1	2	1	2	2	2	1	1	2	2	2	2	2	1	2	2	1	2	2	2	2	2	2	1
COM426	2	2	2	2	1	1	2	2	2	2	2	2	2	1	2	2	1	1	2	1	1	2	1	2	1	2	2
COM427	2	2	2	2	2	1	1	1	2	2	2	2	2	2	2	2	1	1	1	1	1	2	2	2	1	2	2
COM428	2	2	2	1	2	1	2	2	2	2	1	2	2	2	2	2	1	1	2	1	1	2	2	2	1	2	1
COM429	2	2	2	2	1	1	1	1	2	2	2	2	2	1	2	2	1	2	1	1	2	2	1	2	2	2	2
COM430	2	2	2	1	1	1	2	2	2	2	1	2	2	1	2	2	1	2	2	1	2	2	1	2	2	2	1
COM431	2	2	2	1	2	1	1	1	2	2	1	2	2	2	2	2	1	2	1	1	2	2	2	2	2	2	1
COM432	2	1	1	2	2	2	2	2	2	1	2	1	2	2	1	1	2	2	2	2	2	1	2	1	2	1	2
COM433	2	2	2	2	2	2	2	2	2	2	2	1	2	2	1	1	2	1	2	2	1	1	2	1	1	1	2
COM434	2	2	2	2	1	2	2	2	2	2	2	1	2	1	1	1	2	2	2	2	2	1	1	1	2	1	2
COM435	2	2	2	2	2	2	1	1	2	2	2	1	2	2	1	1	2	2	1	2	2	1	2	1	2	1	2
COM436	2	2	2	1	2	2	2	2	2	2	1	1	2	2	1	1	2	2	2	2	2	1	2	1	2	1	1
COM437	2	1	1	2	2	2	2	2	2	1	2	1	2	2	2	2	2	1	2	2	1	2	2	1	1	1	2
COM438	2	1	1	2	1	2	2	2	2	1	2	1	2	1	2	2	2	2	2	2	2	2	1	1	2	1	2
COM439	2	1	1	2	2	2	1	1	2	1	2	1	2	2	2	2	2	2	1	2	2	2	2	1	2	1	2
COM440	2	1	1	1	2	2	2	2	2	1	1	1	2	2	2	2	2	2	2	2	2	2	2	1	2	1	1
COM441	2	2	2	2	1	2	2	2	2	2	2	1	2	1	2	2	2	1	2	2	1	2	1	1	1	1	2
COM442	2	2	2	2	2	2	1	1	2	2	2	1	2	2	2	2	2	1	1	2	1	2	2	1	1	1	2
COM443	2	2	2	1	2	2	2	2	2	2	1	1	2	2	2	2	2	1	2	2	1	2	2	1	1	1	1
COM444	2	2	2	2	1	2	1	1	2	2	2	1	2	1	2	2	2	2	1	2	2	2	1	1	2	1	2
COM445	2	2	2	1	1	2	2	2	2	2	1	1	2	1	2	2	2	2	2	2	2	2	1	1	2	1	1
COM446	2	2	2	1	2	2	1	1	2	2	1	1	2	2	2	2	2	2	1	2	2	2	2	1	2	1	1
COM447	2	1	1	2	2	2	2	2	2	1	2	2	2	2	1	1	2	1	2	2	1	1	2	2	1	2	2
COM448	2	1	1	2	1	2	2	2	2	1	2	2	2	1	1	1	2	2	2	2	2	1	1	2	2	2	2
COM449	2	1	1	2	2	2	1	1	2	1	2	2	2	2	1	1	2	2	1	2	2	1	2	2	2	2	2
COM450	2	1	1	1	2	2	2	2	2	1	1	2	2	2	1	1	2	2	2	2	2	1	2	2	2	2	1
COM451	2	2	2	2	1	2	2	2	2	2	2	2	2	1	1	1	2	1	2	2	1	1	1	2	1	2	2
COM452	2	2	2	2	2	2	1	1	2	2	2	2	2	2	1	1	2	1	1	2	1	1	2	2	1	2	2
COM453	2	2	2	1	2	2	2	2	2	2	1	2	2	2	1	1	2	1	2	2	1	1	2	2	1	2	1
COM454	2	2	2	2	1	2	1	1	2	2	2	2	2	1	1	1	2	2	1	2	2	1	1	2	2	2	2
COM455	2	2	2	1	1	2	2	2	2	2	1	2	2	1	1	1	2	2	2	2	2	1	1	2	2	2	1
COM456	2	2	2	1	2	2	1	1	2	2	1	2	2	2	1	1	2	2	1	2	2	1	2	2	2	2	1
COM457	2	1	1	2	1	2	2	2	2	1	2	2	2	1	2	2	2	1	2	2	1	2	1	2	1	2	2
COM458	2	1	1	2	2	2	1	1	2	1	2	2	2	2	2	2	2	1	1	2	1	2	2	2	1	2	2
COM459	2	1	1	1	2	2	2	2	2	1	1	2	2	2	2	2	2	1	2	2	1	2	2	2	1	2	1
COM460	2	1	1	2	1	2	1	1	2	1	2	2	2	1	2	2	2	2	1	2	2	2	1	2	2	2	2
COM461	2	1	1	1	1	2	2	2	2	1	1	2	2	1	2	2	2	2	2	2	2	2	1	2	2	2	1
COM462	2	1	1	1	2	2	1	1	2	1	1	2	2	2	2	2	2	2	1	2	2	2	2	2	2	2	1
COM463	2	2	2	2	1	2	1	1	2	2	2	2	2	1	2	2	2	1	1	2	1	2	1	2	1	2	2
COM464	2	2	2	1	1	2	2	2	2	2	1	2	2	1	2	2	2	1	2	2	1	2	1	2	1	2	1
COM465	2	2	2	1	2	2	1	1	2	2	1	2	2	2	2	2	2	1	1	2	1	2	2	2	1	2	1
COM466	2	2	2	1	1	2	1	1	2	2	1	2	2	1	2	2	2	2	1	2	2	2	1	2	2	2	1
COM467	1	2	2	2	2	1	2	2	1	2	2	2	1	2	2	2	1	2	2	1	2	2	2	2	2	2	2
COM468	1	2	2	2	2	2	2	2	1	2	2	1	1	2	2	2	2	2	2	2	2	2	2	1	2	1	2
COM469	1	2	2	2	2	2	2	2	1	2	2	2	1	2	1	1	2	2	2	2	2	1	2	2	2	2	2
COM470	1	1	1	2	2	2	2	2	1	1	2	2	1	2	2	2	2	2	2	2	2	2	2	2	2	2	2
COM471	1	2	2	2	2	2	2	2	1	2	2	2	1	2	2	2	2	1	2	2	1	2	2	2	1	2	2
COM472	1	2	2	2	1	2	2	2	1	2	2	2	1	1	2	2	2	2	2	2	2	2	1	2	2	2	2
COM473	1	2	2	2	2	2	1	1	1	2	2	2	1	2	2	2	2	2	1	2	2	2	2	2	2	2	2
COM474	1	2	2	1	2	2	2	2	1	2	1	2	1	2	2	2	2	2	2	2	2	2	2	2	2	2	1
COM475	2	2	2	2	2	1	2	2	2	2	2	1	2	2	2	2	1	2	2	1	2	2	2	1	2	1	2
COM476	2	2	2	2	2	1	2	2	2	2	2	2	2	2	1	1	1	2	2	1	2	1	2	2	2	2	2
COM477	2	1	1	2	2	1	2	2	2	1	2	2	2	2	2	2	1	2	2	1	2	2	2	2	2	2	2
COM478	2	2	2	2	2	1	2	2	2	2	2	2	2	2	2	2	1	1	2	1	1	2	2	2	1	2	2
COM479	2	2	2	2	1	1	2	2	2	2	2	2	2	1	2	2	1	2	2	1	2	2	1	2	2	2	2
COM480	2	2	2	2	2	1	1	1	2	2	2	2	2	2	2	2	1	2	1	1	2	2	2	2	2	2	2
COM481	2	2	2	1	2	1	2	2	2	2	1	2	2	2	2	2	1	2	2	1	2	2	2	2	2	2	1
COM482	2	2	2	2	2	2	2	2	2	2	2	1	2	2	1	1	2	2	2	2	2	1	2	1	2	1	2
COM483	2	1	1	2	2	2	2	2	2	1	2	1	2	2	2	2	2	2	2	2	2	2	2	1	2	1	2
COM484	2	2	2	2	2	2	2	2	2	2	2	1	2	2	2	2	2	1	2	2	1	2	2	1	1	1	2
COM485	2	2	2	2	1	2	2	2	2	2	2	1	2	1	2	2	2	2	2	2	2	2	1	1	2	1	2
COM486	2	2	2	2	2	2	1	1	2	2	2	1	2	2	2	2	2	2	1	2	2	2	2	1	2	1	2
COM487	2	2	2	1	2	2	2	2	2	2	1	1	2	2	2	2	2	2	2	2	2	2	2	1	2	1	1
COM488	2	1	1	2	2	2	2	2	2	1	2	2	2	2	1	1	2	2	2	2	2	1	2	2	2	2	2
COM489	2	2	2	2	2	2	2	2	2	2	2	2	2	2	1	1	2	1	2	2	1	1	2	2	1	2	2
COM490	2	2	2	2	1	2	2	2	2	2	2	2	2	1	1	1	2	2	2	2	2	1	1	2	2	2	2
COM491	2	2	2	2	2	2	1	1	2	2	2	2	2	2	1	1	2	2	1	2	2	1	2	2	2	2	2
COM492	2	2	2	1	2	2	2	2	2	2	1	2	2	2	1	1	2	2	2	2	2	1	2	2	2	2	1
COM493	2	1	1	2	2	2	2	2	2	1	2	2	2	2	2	2	2	1	2	2	1	2	2	2	1	2	2
COM494	2	1	1	2	1	2	2	2	2	1	2	2	2	1	2	2	2	2	2	2	2	2	1	2	2	2	2
COM495	2	1	1	2	2	2	1	1	2	1	2	2	2	2	2	2	2	2	1	2	2	2	2	2	2	2	2
COM496	2	1	1	1	2	2	2	2	2	1	1	2	2	2	2	2	2	2	2	2	2	2	2	2	2	2	1
COM497	2	2	2	2	1	2	2	2	2	2	2	2	2	1	2	2	2	1	2	2	1	2	1	2	1	2	2
COM498	2	2	2	2	2	2	1	1	2	2	2	2	2	2	2	2	2	1	1	2	1	2	2	2	1	2	2
COM499	2	2	2	1	2	2	2	2	2	2	1	2	2	2	2	2	2	1	2	2	1	2	2	2	1	2	1
COM500	2	2	2	2	1	2	1	1	2	2	2	2	2	1	2	2	2	2	1	2	2	2	1	2	2	2	2
COM501	2	2	2	1	1	2	2	2	2	2	1	2	2	1	2	2	2	2	2	2	2	2	1	2	2	2	1
COM502	2	2	2	1	2	2	1	1	2	2	1	2	2	2	2	2	2	2	1	2	2	2	2	2	2	2	1
COM503	1	2	2	2	2	2	2	2	1	2	2	2	1	2	2	2	2	2	2	2	2	2	2	2	2	2	2
COM504	2	2	2	2	2	1	2	2	2	2	2	2	2	2	2	2	1	2	2	1	2	2	2	2	2	2	2
COM505	2	2	2	2	2	2	2	2	2	2	2	1	2	2	2	2	2	2	2	2	2	2	2	1	2	1	2
COM506	2	2	2	2	2	2	2	2	2	2	2	2	2	2	1	1	2	2	2	2	2	1	2	2	2	2	2
COM507	2	1	1	2	2	2	2	2	2	1	2	2	2	2	2	2	2	2	2	2	2	2	2	2	2	2	2
COM508	2	2	2	2	2	2	2	2	2	2	2	2	2	2	2	2	2	1	2	2	1	2	2	2	1	2	2
COM509	2	2	2	2	1	2	2	2	2	2	2	2	2	1	2	2	2	2	2	2	2	2	1	2	2	2	2
COM510	2	2	2	2	2	2	1	1	2	2	2	2	2	2	2	2	2	2	1	2	2	2	2	2	2	2	2
COM511	2	2	2	1	2	2	2	2	2	2	1	2	2	2	2	2	2	2	2	2	2	2	2	2	2	2	1
COM512	2	2	2	2	2	2	2	2	2	2	2	2	2	2	2	2	2	2	2	2	2	2	2	2	2	2	2